21
1
2
1 10 27 10 0 -1
10 10 9 10 0 3
haar_x3
1.922683e-001 0 -1
-8.471555e-001 9.410402e-001 
1
2
19 0 1 15 0 -1
19 5 1 5 0 3
haar_y3
-3.975235e-005 0 -1
5.106571e-001 -9.024451e-001 
1
3
2 0 22 6 0 -1
2 0 11 3 0 2
13 3 11 3 0 2
haar_x2_y2
1.166731e-003 0 -1
-9.031343e-001 6.975653e-001 
1
2
23 12 2 18 0 -1
23 18 2 6 0 3
haar_y3
1.416031e-003 0 -1
-8.357850e-001 3.753069e-001 
1
2
9 24 2 3 0 -1
10 24 1 3 0 2
haar_x2
-1.849500e-005 0 -1
7.042874e-001 -9.744042e-001 
1
3
8 9 14 6 0 -1
15 9 7 3 0 2
8 12 7 3 0 2
haar_x2_y2
1.966713e-004 0 -1
-9.486181e-001 5.281465e-001 
1
2
3 18 13 12 0 -1
3 22 13 4 0 3
haar_y3
4.427954e-003 0 -1
-9.474566e-001 8.944924e-001 
1
2
15 3 6 1 0 -1
15 3 3 1 0 2
haar_x2
1.258077e-004 0 -1
-9.727309e-001 3.013062e-001 
1
2
7 2 15 2 0 -1
12 2 5 2 0 3
haar_x3
-1.091005e-004 0 -1
1.000000e+000 -9.904919e-001 
1
2
27 12 3 12 0 -1
27 16 3 4 0 3
haar_y3
1.388716e-004 0 -1
-9.762568e-001 6.294417e-001 
1
2
2 14 6 3 0 -1
4 14 2 3 0 3
haar_x3
1.198062e-004 0 -1
-9.901966e-001 9.999980e-001 
1
2
28 0 2 1 0 -1
28 0 1 1 0 2
haar_x2
0.000000e+000 0 -1
0.000000e+000 -1.000000e+000 
1
2
0 18 28 7 0 -1
14 18 14 7 0 2
haar_x2
-9.391247e-005 0 -1
1.000000e+000 -1.000000e+000 
1
3
27 7 2 18 0 -1
28 7 1 9 0 2
27 16 1 9 0 2
haar_x2_y2
2.091769e-004 0 -1
-9.259106e-001 8.016521e-002 
1
3
1 7 2 18 0 -1
1 7 1 9 0 2
2 16 1 9 0 2
haar_x2_y2
5.734954e-005 0 -1
-9.845425e-001 7.777951e-001 
1
2
22 0 7 4 0 -1
22 2 7 2 0 2
haar_y2
-1.198062e-004 0 -1
8.845392e-002 -9.843313e-001 
1
2
10 1 1 15 0 -1
10 6 1 5 0 3
haar_y3
-1.391637e-003 0 -1
8.953181e-001 -9.586847e-001 
1
2
16 27 2 2 0 -1
16 27 1 2 0 2
haar_x2
1.917962e-005 0 -1
-7.767115e-001 3.016430e-001 
1
2
2 15 3 6 0 -1
2 17 3 2 0 3
haar_y3
1.812414e-005 0 -1
-9.463112e-001 7.229496e-001 
1
3
15 21 6 6 0 -1
18 21 3 3 0 2
15 24 3 3 0 2
haar_x2_y2
-7.158105e-004 0 -1
3.626165e-001 -9.228078e-001 
1
3
5 15 10 14 0 -1
5 15 5 7 0 2
10 22 5 7 0 2
haar_x2_y2
-2.782664e-004 0 -1
7.200545e-001 -9.504220e-001 
-1.288511e+000

13
-1
