10
1
2
7 1 16 16 0 -1
7 9 16 8 0 2
haar_y2
1.118726e-001 0 -1
-7.938828e-001 8.857459e-001 
1
2
0 13 30 1 0 -1
10 13 10 1 0 3
haar_x3
5.713715e-002 0 -1
-3.750926e-001 1.000000e+000 
1
2
0 0 1 2 0 -1
0 1 1 1 0 2
haar_y2
-7.735598e-005 0 -1
5.736603e-001 -5.312414e-001 
1
2
20 25 4 1 0 -1
20 25 2 1 0 2
haar_x2
7.675701e-004 0 -1
-1.223758e-001 2.913302e-001 
1
2
2 28 9 2 0 -1
5 28 3 2 0 3
haar_x3
1.507605e-004 0 -1
-6.133485e-001 3.557818e-001 
1
2
5 0 25 30 0 -1
5 15 25 15 0 2
haar_y2
-6.448220e-001 0 -1
6.751779e-001 -5.131453e-001 
1
2
0 3 15 2 0 -1
5 3 5 2 0 3
haar_x3
1.505466e-003 0 -1
-6.836839e-001 4.860553e-001 
1
2
2 3 27 1 0 -1
11 3 9 1 0 3
haar_x3
6.991173e-004 0 -1
-6.431832e-001 3.881499e-001 
1
2
6 25 4 1 0 -1
8 25 2 1 0 2
haar_x2
-5.712987e-005 0 -1
2.676925e-001 -8.633553e-001 
1
2
10 5 11 12 0 -1
10 9 11 4 0 3
haar_y3
-1.974065e-003 0 -1
4.007023e-001 -4.542772e-001 
-1.847760e+000

6
-1
