7
1
2
2 4 5 26 0 -1
2 17 5 13 0 2
haar_y2
9.283467e-002 0 -1
-7.990103e-001 9.009527e-001 
1
2
19 0 1 15 0 -1
19 5 1 5 0 3
haar_y3
-5.894625e-005 0 -1
4.018672e-001 -8.640746e-001 
1
2
9 9 12 16 0 -1
9 17 12 8 0 2
haar_y2
-4.703158e-002 0 -1
5.051367e-001 -8.932194e-001 
1
3
18 0 12 4 0 -1
24 0 6 2 0 2
18 2 6 2 0 2
haar_x2_y2
1.379704e-004 0 -1
-6.062919e-001 2.987117e-001 
1
2
6 28 12 2 0 -1
10 28 4 2 0 3
haar_x3
-2.845245e-003 0 -1
6.173476e-001 -5.470994e-001 
1
3
2 3 28 24 0 -1
16 3 14 12 0 2
2 15 14 12 0 2
haar_x2_y2
3.494292e-003 0 -1
-8.564827e-001 2.887705e-001 
1
3
5 4 20 14 0 -1
5 4 10 7 0 2
15 11 10 7 0 2
haar_x2_y2
-1.840666e-002 0 -1
5.120437e-001 -6.066092e-001 
-1.510525e+000

11
-1
