19
1
2
4 2 6 14 0 -1
7 2 3 14 0 2
haar_x2
2.329089e-002 0 -1
-7.952443e-001 9.390834e-001 
1
2
19 0 1 15 0 -1
19 5 1 5 0 3
haar_y3
-6.608439e-004 0 -1
5.202152e-001 -7.565740e-001 
1
3
7 1 14 6 0 -1
7 1 7 3 0 2
14 4 7 3 0 2
haar_x2_y2
2.025893e-005 0 -1
-7.661420e-001 4.798612e-001 
1
2
0 0 30 6 0 -1
0 0 15 6 0 2
haar_x2
2.485180e-003 0 -1
-9.848804e-001 2.298965e-001 
1
2
9 26 2 1 0 -1
10 26 1 1 0 2
haar_x2
-3.805535e-005 0 -1
2.995606e-001 -8.661882e-001 
1
2
12 11 6 16 0 -1
12 19 6 8 0 2
haar_y2
-3.452266e-002 0 -1
4.462030e-001 -6.504287e-001 
1
2
0 0 12 4 0 -1
4 0 4 4 0 3
haar_x3
2.298627e-003 0 -1
-6.470596e-001 4.435568e-001 
1
2
21 16 8 1 0 -1
21 16 4 1 0 2
haar_x2
3.810932e-005 0 -1
-5.405178e-001 4.621742e-002 
1
2
3 21 24 1 0 -1
15 21 12 1 0 2
haar_x2
-3.411628e-003 0 -1
2.875675e-001 -9.772327e-001 
1
2
21 12 7 18 0 -1
21 21 7 9 0 2
haar_y2
2.603358e-002 0 -1
-2.621761e-001 5.228058e-001 
1
2
1 9 10 11 0 -1
6 9 5 11 0 2
haar_x2
-2.007595e-002 0 -1
4.523482e-001 -6.242478e-001 
1
2
21 12 7 18 0 -1
21 21 7 9 0 2
haar_y2
1.114882e-002 0 -1
-1.660032e-001 5.614690e-001 
1
2
7 0 9 15 0 -1
10 0 3 15 0 3
haar_x3
4.484148e-004 0 -1
-5.833474e-001 4.810751e-001 
1
2
21 26 4 3 0 -1
21 26 2 3 0 2
haar_x2
4.951053e-004 0 -1
-6.231835e-001 1.648753e-001 
1
2
0 0 30 1 0 -1
15 0 15 1 0 2
haar_x2
-4.392090e-004 0 -1
2.580446e-001 -9.678709e-001 
1
2
17 13 10 16 0 -1
17 21 10 8 0 2
haar_y2
-6.036761e-002 0 -1
1.327755e-001 -2.869638e-001 
1
2
1 12 9 18 0 -1
1 21 9 9 0 2
haar_y2
1.842962e-004 0 -1
-4.094093e-001 7.668446e-001 
1
2
21 26 4 3 0 -1
21 26 2 3 0 2
haar_x2
-3.608926e-005 0 -1
4.882394e-001 -3.107463e-001 
1
2
3 26 8 3 0 -1
7 26 4 3 0 2
haar_x2
-4.543391e-004 0 -1
5.059963e-001 -8.735812e-001 
-1.352835e+000

5
-1
