11
1
2
0 13 30 1 0 -1
10 13 10 1 0 3
haar_x3
4.843013e-002 0 -1
-7.183290e-001 9.565811e-001 
1
2
19 3 11 24 0 -1
19 15 11 12 0 2
haar_y2
1.165979e-002 0 -1
-4.928435e-001 6.784467e-001 
1
2
4 0 1 10 0 -1
4 5 1 5 0 2
haar_y2
-1.522580e-003 0 -1
4.041910e-001 -7.449089e-001 
1
2
18 19 4 5 0 -1
18 19 2 5 0 2
haar_x2
1.607407e-004 0 -1
-7.367310e-001 1.612771e-001 
1
2
7 19 6 5 0 -1
10 19 3 5 0 2
haar_x2
-8.213169e-005 0 -1
2.405983e-001 -8.337833e-001 
1
2
10 8 10 8 0 -1
10 12 10 4 0 2
haar_y2
5.781282e-002 0 -1
-2.730427e-001 9.315041e-001 
1
2
7 14 4 3 0 -1
9 14 2 3 0 2
haar_x2
-3.472300e-004 0 -1
3.169675e-001 -7.055904e-001 
1
2
9 3 15 23 0 -1
14 3 5 23 0 3
haar_x3
6.498994e-002 0 -1
-2.184032e-001 5.996238e-001 
1
2
9 20 12 5 0 -1
15 20 6 5 0 2
haar_x2
-2.907388e-004 0 -1
2.064623e-001 -9.896736e-001 
1
2
4 0 25 30 0 -1
4 15 25 15 0 2
haar_y2
-6.470036e-001 0 -1
4.517255e-001 -3.591834e-001 
1
2
0 10 24 20 0 -1
8 10 8 20 0 3
haar_x3
8.389688e-002 0 -1
-3.842137e-001 4.903912e-001 
-1.391014e+000

8
-1
