7
1
2
2 4 5 26 0 -1
2 17 5 13 0 2
haar_y2
8.814589e-002 0 -1
-7.770244e-001 9.343782e-001 
1
2
11 10 8 16 0 -1
11 18 8 8 0 2
haar_y2
-3.153397e-002 0 -1
4.847500e-001 -8.930702e-001 
1
2
0 1 15 4 0 -1
5 1 5 4 0 3
haar_x3
3.346033e-003 0 -1
-7.875651e-001 4.485238e-001 
1
2
2 20 27 5 0 -1
11 20 9 5 0 3
haar_x3
5.877504e-003 0 -1
-7.549971e-001 3.914456e-001 
1
3
1 9 28 18 0 -1
1 9 14 9 0 2
15 18 14 9 0 2
haar_x2_y2
-1.333009e-004 0 -1
2.582621e-001 -9.483928e-001 
1
2
2 5 28 22 0 -1
2 16 28 11 0 2
haar_y2
1.333009e-004 0 -1
-5.936207e-001 6.303268e-001 
1
2
10 4 10 4 0 -1
10 6 10 2 0 2
haar_y2
-3.592294e-004 0 -1
4.218519e-001 -9.158488e-001 
-8.573850e-001

3
-1
