11
1
2
3 8 10 8 0 -1
8 8 5 8 0 2
haar_x2
6.218290e-002 0 -1
-7.727199e-001 9.263009e-001 
1
2
9 7 12 8 0 -1
9 11 12 4 0 2
haar_y2
6.152961e-002 0 -1
-5.304945e-001 9.182115e-001 
1
2
6 1 18 1 0 -1
15 1 9 1 0 2
haar_x2
-9.694580e-004 0 -1
3.355919e-001 -9.914986e-001 
1
3
0 4 30 22 0 -1
15 4 15 11 0 2
0 15 15 11 0 2
haar_x2_y2
3.279514e-002 0 -1
-8.073142e-001 2.365563e-001 
1
2
7 18 9 9 0 -1
10 18 3 9 0 3
haar_x3
-2.074399e-005 0 -1
3.146276e-001 -7.278980e-001 
1
2
8 1 21 1 0 -1
15 1 7 1 0 3
haar_x3
4.324870e-004 0 -1
-2.861777e-001 2.212853e-001 
1
2
1 1 21 1 0 -1
8 1 7 1 0 3
haar_x3
2.156787e-005 0 -1
-8.736452e-001 3.255059e-001 
1
3
4 18 24 4 0 -1
16 18 12 2 0 2
4 20 12 2 0 2
haar_x2_y2
-6.224524e-004 0 -1
1.684089e-001 -5.240316e-001 
1
2
1 16 8 1 0 -1
5 16 4 1 0 2
haar_x2
-1.033159e-004 0 -1
5.031785e-001 -5.998172e-001 
1
2
21 29 6 1 0 -1
23 29 2 1 0 3
haar_x3
1.193804e-003 0 -1
7.982062e-002 -9.309686e-001 
1
2
3 19 16 10 0 -1
11 19 8 10 0 2
haar_x2
-6.945296e-002 0 -1
-7.095339e-001 3.557034e-001 
-1.601843e+000

9
-1
