9
1
2
0 10 30 7 0 -1
10 10 10 7 0 3
haar_x3
2.198206e-001 0 -1
-7.642857e-001 9.829730e-001 
1
2
12 10 6 16 0 -1
12 18 6 8 0 2
haar_y2
-2.392309e-002 0 -1
5.692239e-001 -8.057828e-001 
1
2
0 7 30 22 0 -1
0 18 30 11 0 2
haar_y2
3.066272e-004 0 -1
-5.302328e-001 7.045692e-001 
1
2
10 0 10 4 0 -1
10 0 5 4 0 2
haar_x2
7.065567e-004 0 -1
-9.204428e-001 3.226719e-001 
1
2
2 12 7 18 0 -1
2 18 7 6 0 3
haar_y3
4.353242e-004 0 -1
-8.402912e-001 3.312583e-001 
1
2
15 1 15 1 0 -1
20 1 5 1 0 3
haar_x3
-3.655514e-005 0 -1
4.302490e-002 -7.496238e-001 
1
2
0 12 30 14 0 -1
10 12 10 14 0 3
haar_x3
4.661935e-004 0 -1
-7.469609e-001 6.416880e-001 
1
2
15 14 12 3 0 -1
15 14 6 3 0 2
haar_x2
5.313581e-004 0 -1
-8.939470e-001 1.443694e-001 
1
2
3 14 12 3 0 -1
9 14 6 3 0 2
haar_x2
-4.582708e-003 0 -1
6.171121e-001 -9.372160e-001 
-1.491252e+000

2
-1
