7
1
2
0 5 30 12 0 -1
10 5 10 12 0 3
haar_x3
3.412611e-001 0 -1
-7.650635e-001 9.914508e-001 
1
2
3 6 27 11 0 -1
12 6 9 11 0 3
haar_x3
2.706722e-001 0 -1
-2.417080e-001 9.782979e-001 
1
2
5 10 16 20 0 -1
5 20 16 10 0 2
haar_y2
5.910696e-003 0 -1
3.589047e-001 -9.383544e-001 
1
2
3 6 27 11 0 -1
12 6 9 11 0 3
haar_x3
3.088938e-001 0 -1
-1.748884e-001 9.773440e-001 
1
2
0 0 25 30 0 -1
0 15 25 15 0 2
haar_y2
-6.393898e-001 0 -1
8.602666e-001 -3.185067e-001 
1
2
3 6 27 11 0 -1
12 6 9 11 0 3
haar_x3
1.888492e-001 0 -1
-1.233828e-001 7.046282e-001 
1
2
4 14 20 3 0 -1
14 14 10 3 0 2
haar_x2
-1.768527e-002 0 -1
3.971376e-001 -7.395130e-001 
-8.675071e-001

4
-1
