7
1
2
11 2 8 24 0 -1
11 10 8 8 0 3
haar_y3
1.224668e-001 0 -1
-7.582912e-001 9.914081e-001 
1
2
17 0 10 18 0 -1
17 6 10 6 0 3
haar_y3
-2.833637e-002 0 -1
6.806165e-001 -1.063883e-002 
1
2
6 0 7 15 0 -1
6 5 7 5 0 3
haar_y3
-1.553178e-002 0 -1
8.083274e-001 -5.524653e-001 
1
2
24 5 6 22 0 -1
26 5 2 22 0 3
haar_x3
6.449738e-003 0 -1
1.916287e-001 -6.752660e-001 
1
3
4 7 20 16 0 -1
4 7 10 8 0 2
14 15 10 8 0 2
haar_x2_y2
-2.593877e-002 0 -1
6.091394e-001 -4.256121e-001 
1
2
28 6 2 15 0 -1
28 6 1 15 0 2
haar_x2
-4.419121e-003 0 -1
-7.579233e-001 1.248671e-001 
1
2
0 6 2 15 0 -1
1 6 1 15 0 2
haar_x2
1.054760e-005 0 -1
3.254803e-001 -7.734055e-001 
-1.321113e+000

0
-1
