17
1
2
2 7 5 20 0 -1
2 17 5 10 0 2
haar_y2
5.843505e-002 0 -1
-8.168635e-001 8.516575e-001 
1
2
7 10 16 12 0 -1
7 16 16 6 0 2
haar_y2
-2.909688e-002 0 -1
3.973724e-001 -9.052867e-001 
1
2
0 0 30 22 0 -1
0 11 30 11 0 2
haar_y2
2.398233e-001 0 -1
-5.822209e-001 7.581655e-001 
1
2
20 27 6 3 0 -1
22 27 2 3 0 3
haar_x3
-2.031799e-005 0 -1
2.872038e-001 -5.995088e-001 
1
2
4 27 6 3 0 -1
6 27 2 3 0 3
haar_x3
2.071057e-005 0 -1
-8.060338e-001 5.403008e-001 
1
2
21 9 7 21 0 -1
21 16 7 7 0 3
haar_y3
2.639741e-003 0 -1
-6.277235e-001 3.330208e-001 
1
2
2 9 7 21 0 -1
2 16 7 7 0 3
haar_y3
2.955317e-004 0 -1
-9.456787e-001 4.831445e-001 
1
3
9 9 12 14 0 -1
15 9 6 7 0 2
9 16 6 7 0 2
haar_x2_y2
3.171602e-004 0 -1
-9.656077e-001 3.196912e-001 
1
2
0 20 30 5 0 -1
10 20 10 5 0 3
haar_x3
3.273016e-004 0 -1
-9.859610e-001 1.027340e-001 
1
2
19 21 6 2 0 -1
21 21 2 2 0 3
haar_x3
3.640868e-005 0 -1
-9.026788e-001 3.303568e-001 
1
2
7 3 16 1 0 -1
15 3 8 1 0 2
haar_x2
-3.867848e-004 0 -1
5.789897e-001 -9.981620e-001 
1
2
26 10 4 1 0 -1
26 10 2 1 0 2
haar_x2
-8.905474e-005 0 -1
3.808701e-001 -8.331715e-001 
1
2
2 10 2 2 0 -1
3 10 1 2 0 2
haar_x2
-1.135583e-004 0 -1
7.090186e-001 -7.380957e-001 
1
2
12 1 18 15 0 -1
12 6 18 5 0 3
haar_y3
-5.528887e-004 0 -1
3.033195e-001 -4.925330e-001 
1
3
8 6 8 4 0 -1
8 6 4 2 0 2
12 8 4 2 0 2
haar_x2_y2
-1.942999e-005 0 -1
6.284249e-001 -5.301579e-001 
1
2
12 8 9 7 0 -1
15 8 3 7 0 3
haar_x3
-1.031122e-004 0 -1
4.864011e-001 -2.293406e-001 
1
3
5 14 4 4 0 -1
5 14 2 2 0 2
7 16 2 2 0 2
haar_x2_y2
3.460866e-005 0 -1
-5.155273e-001 5.846760e-001 
-1.552339e+000

10
-1
