14
1
2
0 10 30 7 0 -1
10 10 10 7 0 3
haar_x3
2.334024e-001 0 -1
-7.876385e-001 8.964769e-001 
1
2
0 13 30 1 0 -1
10 13 10 1 0 3
haar_x3
5.355618e-002 0 -1
-3.786384e-001 1.000004e+000 
1
2
0 10 4 1 0 -1
2 10 2 1 0 2
haar_x2
-1.036934e-004 0 -1
4.661610e-001 -6.698086e-001 
1
2
16 10 14 18 0 -1
16 16 14 6 0 3
haar_y3
-4.999878e-002 0 -1
4.717246e-001 -1.428320e-001 
1
2
2 10 16 18 0 -1
2 16 16 6 0 3
haar_y3
9.076338e-005 0 -1
-7.306756e-001 3.286105e-001 
1
2
4 19 26 6 0 -1
4 19 13 6 0 2
haar_x2
2.886190e-002 0 -1
-1.000000e+000 1.370639e-001 
1
2
0 0 4 6 0 -1
2 0 2 6 0 2
haar_x2
8.236908e-004 0 -1
-5.347932e-001 4.063351e-001 
1
2
4 19 26 6 0 -1
4 19 13 6 0 2
haar_x2
2.661606e-002 0 -1
-1.000000e+000 8.640569e-002 
1
2
4 23 21 3 0 -1
11 23 7 3 0 3
haar_x3
9.644147e-003 0 -1
-6.226704e-001 4.570144e-001 
1
2
18 24 4 6 0 -1
18 24 2 6 0 2
haar_x2
9.443518e-004 0 -1
-6.186131e-001 2.577066e-001 
1
2
8 26 6 3 0 -1
11 26 3 3 0 2
haar_x2
-5.849682e-005 0 -1
4.267944e-001 -9.623827e-001 
1
2
20 0 9 21 0 -1
23 0 3 21 0 3
haar_x3
-2.975450e-002 0 -1
3.832057e-001 -4.278747e-001 
1
2
13 11 1 14 0 -1
13 18 1 7 0 2
haar_y2
-2.597368e-003 0 -1
4.466729e-001 -7.091225e-001 
1
2
20 4 9 24 0 -1
20 16 9 12 0 2
haar_y2
6.291942e-002 0 -1
-2.217326e-001 9.106414e-001 
-2.026051e+000

7
-1
