6
1
3
2 8 14 20 0 -1
2 8 7 10 0 2
9 18 7 10 0 2
haar_x2_y2
-9.369849e-002 0 -1
9.622744e-001 -7.692177e-001 
1
2
12 0 6 20 0 -1
12 10 6 10 0 2
haar_y2
7.457472e-002 0 -1
-3.215310e-001 9.090711e-001 
1
2
5 25 8 5 0 -1
9 25 4 5 0 2
haar_x2
-3.704210e-003 0 -1
4.616844e-001 -7.457322e-001 
1
2
0 12 30 14 0 -1
10 12 10 14 0 3
haar_x3
7.722618e-004 0 -1
-7.027381e-001 3.736832e-001 
1
3
8 0 14 10 0 -1
8 0 7 5 0 2
15 5 7 5 0 2
haar_x2_y2
-3.117668e-003 0 -1
-8.802999e-001 1.858183e-001 
1
2
10 12 10 16 0 -1
10 20 10 8 0 2
haar_y2
-4.894760e-002 0 -1
3.880070e-001 -4.898055e-001 
-1.635790e+000

1
-1
