15
1
3
4 0 10 16 0 -1
4 0 5 8 0 2
9 8 5 8 0 2
haar_x2_y2
4.210738e-002 0 -1
-7.935179e-001 8.820384e-001 
1
2
11 7 8 6 0 -1
11 9 8 2 0 3
haar_y3
-1.959927e-003 0 -1
6.181404e-001 -7.770671e-001 
1
2
8 28 4 2 0 -1
10 28 2 2 0 2
haar_x2
-3.340028e-004 0 -1
4.849718e-001 -8.270149e-001 
1
2
28 3 2 27 0 -1
28 12 2 9 0 3
haar_y3
2.418157e-003 0 -1
-4.283535e-001 2.501885e-001 
1
2
0 3 2 27 0 -1
0 12 2 9 0 3
haar_y3
5.366885e-004 0 -1
-8.330988e-001 3.422344e-001 
1
2
27 10 2 1 0 -1
27 10 1 1 0 2
haar_x2
-1.141094e-004 0 -1
2.691401e-001 -4.533055e-001 
1
2
0 8 23 8 0 -1
0 12 23 4 0 2
haar_y2
-1.946581e-002 0 -1
7.007557e-001 -5.724693e-001 
1
2
13 13 6 3 0 -1
13 14 6 1 0 3
haar_y3
1.757265e-004 0 -1
-5.097566e-001 5.142212e-001 
1
2
2 13 5 9 0 -1
2 16 5 3 0 3
haar_y3
3.144204e-004 0 -1
-7.756100e-001 3.109375e-001 
1
3
13 2 4 2 0 -1
15 2 2 1 0 2
13 3 2 1 0 2
haar_x2_y2
1.939056e-005 0 -1
-6.778170e-001 5.044107e-001 
1
2
10 0 4 15 0 -1
10 5 4 5 0 3
haar_y3
-2.794534e-003 0 -1
4.954979e-001 -8.644940e-001 
1
2
25 17 5 2 0 -1
25 18 5 1 0 2
haar_y2
2.149581e-005 0 -1
-3.601887e-001 1.795501e-001 
1
2
9 6 10 6 0 -1
9 9 10 3 0 2
haar_y2
-1.015924e-003 0 -1
5.290105e-001 -7.888039e-001 
1
2
25 17 5 2 0 -1
25 18 5 1 0 2
haar_y2
-2.798002e-003 0 -1
7.570188e-001 -8.501036e-002 
1
2
0 17 5 2 0 -1
0 18 5 1 0 2
haar_y2
1.837377e-005 0 -1
-5.762333e-001 7.755594e-001 
-1.352695e+000

12
-1
